Piscina;2;2;17;2;12;2;6;13;15
Patio;5;7;21;14;15;13;21;16;20;13;22;21;26;2;12;17;40;12;12;16;16
Dormitorio 1;4;24;40;14;15;24;38;16;24;24;39;25;26;32;35;27;28
Living;3;14;17;28;46;18;29;28;40;30;30;30;38
Ensuite 1;4;37;45;28;29;37;38;30;33;40;45;30;33;42;43;25;26
Dormitorio 2;2;39;46;35;41;37;46;42;43
Comedor;2;19;30;42;46;14;31;47;50
Cocina;4;14;30;51;60;12;13;53;60;16;30;61;62;31;31;62;62
Entrada;1;10;14;61;71
Patio externo;2;11;14;73;79;9;10;74;79
Dormitorio 4;1;16;23;69;79
Ensuite 4;1;19;22;65;66
Estudio;2;4;6;62;65;7;9;62;64
Pasillo;3;32;35;30;50;33;35;51;62;36;37;61;62
Media;4;3;9;42;59;10;10;43;55;11;11;53;55;11;12;43;50
Dormitorio 3;2;37;38;52;53;39;46;52;59
Lavadero;2;39;40;61;62;41;45;61;65
Double Garage;1;25;39;64;79
Buggy Garage;1;40;46;67;76